tip	date	distance	residual
1996.K.CM.96.MP535	1996.0	0.16882673185747107	-0.055469135794676966
1997.K.CD.97.EQTB11C	1997.0	0.1889917318574711	-0.037905520313678776
1997.F2.CM.97.CM53657	1997.0	0.19761373185747108	-0.029283520313678785
2002.F2.CM.02.02CM0016BBY	2002.0	0.1921037318574711	-0.047800442908686125
1995.F2.CM.95.MP255	1995.0	0.2393877318574711	0.017693248724323984
1995.F2.CM.95.MP257	1995.0	0.1964147318574711	-0.025279751275676
1996.F1.FR.96.MP411	1996.0	0.2141117318574711	-0.010184135794676946
1993.F1.BE.93.VI850	1993.0	0.1975667318574711	-0.01892498223767325
1993.F1.BR.93.93BR020	1993.0	0.2033707318574711	-0.013120982237673245
2001.F1.BR.01.01BR087	2001.0	0.2160527318574711	-0.0212500583896843
2002.F1.AR.02.ARE933	2002.0	0.2195217318574711	-0.020382442908686127
1989.F1.BR.89.BZ163	1989.0	0.2003677318574711	-0.005718444161666836
1989.F1.BR.89.BZ126	1989.0	0.20042173185747109	-0.005664444161666837
1959.M.CD.59.ZR59	1959.0	0.12084273185747108	-0.007201908591623618
1999.D.TD.99.MN011	1999.0	0.22201673185747112	-0.010083289351681513
2001.D.CM.01.01CM0175BA	2001.0	0.23344573185747108	-0.003857058389684309
2001.D.CM.01.01CM0009BBY	2001.0	0.296049731857471	0.05874694161031563
1993.D.KE.93.MB2059	1993.0	0.27451873185747105	0.058027017762326716
1998.D.UG.98.98UG57131	1998.0	0.30354073185747105	0.07404209516731936
1997.D.KE.97.ML415	1997.0	0.29279573185747104	0.06589847968632118
1999.D.UG.99.99UGB21875	1999.0	0.29663373185747105	0.06453371064831842
2001.D.KE.01.NKU3006	2001.0	0.29503473185747103	0.05773194161031564
1998.D.UG.98.98UG57128	1998.0	0.307427731857471	0.07792909516731933
2004.D.KR.04.04KBH8	2004.0	0.31047473185747104	0.06536778805331106
2001.D.TZ.01.A280	2001.0	0.26439773185747106	0.02709494161031567
1985.D.CD.85.Z2Z6	1985.0	0.2370577318574711	0.04137709391433869
1984.D.CD.84.84ZR085	1984.0	0.2291877318574711	0.03610847843333964
1983.B.US.83.5018	1983.0	0.16096073185747106	-0.02951713704765857
1997.B.KR.97.WK	1997.0	0.2073777318574711	-0.019519520313678762
2004.B.KR.04.04KMH5	2004.0	0.2018937318574711	-0.043213211946688895
2004.B.KR.04.04LHS6	2004.0	0.21642773185747108	-0.028679211946688904
2004.B.RU.04.04RU139089	2004.0	0.2319187318574711	-0.013188211946688871
1983.B.GB.83.CAM1	1983.0	0.1978177318574711	0.007339862952341458
2000.B.NL.00.671	2000.0	0.1992567318574711	-0.03544467387068337
2001B.UA.01.01UAKV252	2001.0	0.26483173185747105	0.02752894161031566
1989.B.EC.89.EC102	1989.0	0.2612437318574711	0.05515755583833315
1999.B.BR.99.BREPM11931	1999.0	0.23114373185747109	-9.56289351681544E-4
2004.B.JP.04.DR6089	2004.0	0.22499973185747107	-0.020107211946688908
2002.B.AR.02.02AR114146	2002.0	0.26093273185747107	0.02102855709131385
2005.B.JP.05.DR7060	2005.0	0.2297117318574711	-0.017996596465690712
1996.B.NL.96.H434	1996.0	0.2195807318574711	-0.0047151357946769445
1986.B.DE.86.HAN	1986.0	0.1959037318574711	-0.0023782906046631302
1988.B.GA.88.OYI	1988.0	0.1931927318574711	-0.010292059642665885
1986.B.DE.86.D31	1986.0	0.1769647318574711	-0.021317290604663114
1998.B.US.98.98USHVTN8229	1998.0	0.24292473185747107	0.01342609516731938
1983.B.US.83.5157	1983.0	0.15559973185747106	-0.034878137047658575
1989.B.EC.89.EC003	1989.0	0.2141757318574711	0.008089555838333179
1986.B.US.86.AD87	1986.0	0.1641287318574711	-0.03415329060466313
1986.B.GB.86.GB8	1986.0	0.19112273185747108	-0.007159290604663138
1996.B.TH.96.96THNP1538	1996.0	0.19995673185747112	-0.02433913579467692
1999.B.MM.99.mSTD101	1999.0	0.22924673185747108	-0.002853289351681554
1986.B.NL.86.3202A21	1986.0	0.1637047318574711	-0.034577290604663136
1990.B.US.90.US2	1990.0	0.1831487318574711	-0.025538828680668646
1996.B.AU.96.MBCC98	1996.0	0.21228673185747107	-0.012009135794676967
2005.B.KR.05.05CSR3	2005.0	0.25997473185747105	0.012266403534309245
1996.B.US.96.5155	1996.0	0.2959447318574711	0.07164886420532307
2004.B.AR.04.04AR151263	2004.0	0.24326873185747108	-0.0018382119466889002
1987.B.US.87.BC	1987.0	0.2113807318574711	0.01049732487633595
1990.B.TH.90.BK132.AY173951	1990.0	0.1913327318574711	-0.01735482868066865
1986.B.AU.86.MBC200	1986.0	0.2006277318574711	0.0023457093953368757
1990.B.US.90.US1	1990.0	0.2190497318574711	0.010362171319331343
2002.B.YE.02.02YE507	2002.0	0.23823073185747107	-0.0016734429086861513
1996.B.US.96.1299	1996.0	0.2233907318574711	-9.051357946769367E-4
1987.B.AU.87.MBC925	1987.0	0.1933047318574711	-0.007578675123664058
1997.B.US.97.1001	1997.0	0.21671673185747112	-0.010180520313678748
1984.B.US.84.5019	1984.0	0.18012973185747108	-0.012949521566660377
1998.B.US.98.98USHVTN1925	1998.0	0.25061173185747104	0.02111309516731935
2001.B.CO.01.PCM074	2001.0	0.31432873185747107	0.07702594161031567
2001.B.CO.01.PCM013	2001.0	0.26591873185747106	0.028615941610315665
1997.B.US.97.1013	1997.0	0.2235227318574711	-0.0033745203136787694
1988.B.US.88.WR27	1988.0	0.2646727318574711	0.0611879403573341
1998.B.US.98.98USHVTN3605	1998.0	0.2524857318574711	0.022987095167319394
2001.B.UY.01.01UYTRA1092	2001.0	0.2328707318574711	-0.004432058389684301
1987.B.US.87.5113	1987.0	0.19790273185747112	-0.0029806751236640394
1991.B.US.91.DH12	1991.0	0.2045057318574711	-0.006783213199670485
1983.B.US.83.RF	1983.0	0.1852277318574711	-0.005250137047658532
1990.B.US.90.US4	1990.0	0.22056573185747108	0.011878171319331332
1998.C.TZ.98.98TZ017	1998.0	0.1888047318574711	-0.040693904832680594
1999.C.IL.99.99ET14	1999.0	0.2132017318574711	-0.01889828935168153
1991.C.KE.91.KNH1268	1991.0	0.25366973185747105	0.04238078680032947
2004.C.BR.04.04BR013	2004.0	0.2007287318574711	-0.044378211946688895
1998.C.BR.98.98BR004	1998.0	0.20823073185747107	-0.021267904832680623
1992.C.BR.92.BR025	1992.0	0.19690773185747107	-0.016982597718671444
2001.C.AR.01.ARG4006	2001.0	0.20082873185747108	-0.036474058389684316
1999.C.BW.99.99BWMC168	1999.0	0.2239347318574711	-0.008165289351681537
1998.C.BW.98.98BWMO1410	1998.0	0.2098337318574711	-0.019664904832680602
1998.C.CN.98.YNRL9840	1998.0	0.2140847318574711	-0.015413904832680597
1993.C.IN.93.93IN101	1993.0	0.21585673185747112	-6.349822376732206E-4
1994.C.IN.94.94IN11246	1994.0	0.23212073185747112	0.013027633243325842
2002.C.ZA.02.02ZAPS008MB1	2002.0	0.2342187318574711	-0.005685442908686111
1997.C.TZ.97.97TZ05	1997.0	0.2274687318574711	5.714796863212357E-4
2000.C.KE.00.KER2010	2000.0	0.2330407318574711	-0.0016606738706833601
2004.C.ZA.04.04ZAPS161B1	2004.0	0.2585167318574711	0.013409788053311111
2000.C.ZA.00.1119MB	2000.0	0.27416473185747103	0.03946332612931658
2005.C.ZA.05.05ZASK246B1	2005.0	0.24702173185747112	-6.86596465690692E-4
2001.C.ZA.01.2134MB	2001.0	0.25726073185747106	0.019957941610315666
1999.C.ZA.99.DU422	1999.0	0.2522057318574711	0.020105710648318453
2002.C.TZ.02.CO3056	2002.0	0.2351087318574711	-0.0047954429086861095
2005.C.ZA.05.05ZASK243B1	2005.0	0.25500173185747105	0.00729340353430924
2003.C.GE.03.03GEMZ033	2003.0	0.23013473185747108	-0.012370827427687081
1996.C.ZM.96.96ZM651	1996.0	0.2146217318574711	-0.009674135794676936
1998.C.ZA.98.98ZA528	1998.0	0.24897973185747108	0.019481095167319384
2002.C.ZM.02.02ZM114	2002.0	0.24187373185747107	0.001969557091313856
2000.C.BW.00.00BW07621	2000.0	0.22008873185747108	-0.01461267387068338
2000.C.BW.00.00BW16162	2000.0	0.271048731857471	0.03634732612931657
1996.C.ZM.96.96ZM751	1996.0	0.21488573185747106	-0.009410135794676977
2001.C.TZ.01.A301	2001.0	0.2087227318574711	-0.028580058389684304
2001.C.TZ.01.A125	2001.0	0.23822873185747107	9.259416103156726E-4
1998.C.ZA.98.98ZA445	1998.0	0.24675573185747107	0.01725709516731938
1990.U.CD.90.90CD121E12	1990.0	0.18003773185747107	-0.028649828680668676
1983.U.CD.83.83CD003	1983.0	0.18801573185747109	-0.002462137047658547
1994.A2.CY.94.94CY017	1994.0	0.17003126814252892	-0.04906183047161636
1997.A2.CD.97.97CDKTB48	1997.0	0.1791082681425289	-0.04778898402862097
2002.A.CD.02.KTB035	2002.0	0.21621626814252892	-0.023687906623628296
1997.A.CD.97.KCC2	1997.0	0.23332026814252893	0.006423015971379065
1997.A.CD.97.KTB13	1997.0	0.23258926814252892	0.005692015971379055
1960.DRC60N	1960.0	0.1552562681425289	0.02461024317443239
1960.DRC60A	1960.0	0.1580332681425289	0.02738724317443239
1993.A1.RW.93.93RW037A	1993.0	0.1687182681425289	-0.04777344595261543
1992.A1.RW.92.92RW025A	1992.0	0.2312422681425289	0.017351938566386393
1994.A1.SE.94.SE7535	1994.0	0.20639426814252892	-0.012698830471616351
2001.A1.TZ.01.A341	2001.0	0.2413402681425289	0.004037477895373509
1992.A1.RW.92.92RW008	1992.0	0.2151362681425289	0.0012459385663863842
1994.A1.KE.94.Q23	1994.0	0.2023782681425289	-0.01671483047161637
1997.A1.TZ.97.97TZ02	1997.0	0.23405426814252894	0.007157015971379077
1993.A1.RW.93.93RW024	1993.0	0.22840026814252895	0.011908554047384612
2000.A1.KE.00.KER2008	2000.0	0.2619882681425289	0.027286862414374446
1998.A1.UG.98.98UG57142	1998.0	0.22877626814252894	-7.223685476227537E-4
1986.A1.KE.86.ML170	1986.0	0.1784332681425289	-0.01984875431960531
2000.A1.KE.00.MSA4079	2000.0	0.2413922681425289	0.006690862414374443
2001.A1.TZ.01.A195	2001.0	0.2637142681425289	0.026411477895373514
1999.A1.KE.99.KNH1135	1999.0	0.2621682681425289	0.030068246933376286
1997.A1.KE.97.ML605	1997.0	0.21196526814252892	-0.014931984028620948
1997.A1.TZ.97.97TZ03	1997.0	0.23208926814252895	0.0051920159713790826
1995.A1.SE.95.SE8538	1995.0	0.2262212681425289	0.004526785009381806
1997.A1.KE.97.ML752	1997.0	0.21175926814252893	-0.015137984028620932
1998.A1.UG.98.98UG57136	1998.0	0.2518062681425289	0.022307631452377186
1999.A1.UG.99.99UGA07072	1999.0	0.2303192681425289	-0.0017807530666237303
1998.A1.UG.98.98UG57135	1998.0	0.2639842681425289	0.03448563145237721
1995.A1.SE.95.SE8891	1995.0	0.24560726814252892	0.02391278500938182
2001.A1.TZ.01.A173	2001.0	0.22195726814252892	-0.015345522104626474
1994.A1.SE.94.SE7253	1994.0	0.2024962681425289	-0.016596830471616364
1992.A1.UG.92.UG029	1992.0	0.23661626814252895	0.02272593856638644
2000.A1.KE.00.NKU3005	2000.0	0.2071422681425289	-0.02755913758562556
1992.A1.UG.92.92UG037	1992.0	0.22940226814252895	0.01551193856638644
1999.A1.UG.99.99UGG03379	1999.0	0.2604492681425289	0.02834924693337626
1995.A1.SE.95.UGSE8131	1995.0	0.22643026814252892	0.004735785009381821
1999.A1.KE.99.KNH1088	1999.0	0.21163726814252892	-0.020462753066623707
1998.A1.UG.98.98UG57134	1998.0	0.2568692681425289	0.027370631452377225
2004.A.ZA.04.SK162B1	2004.0	0.23288226814252894	-0.012224675661631046
2001.A.SN.01.DDJ369	2001.0	0.2189472681425289	-0.018355522104626487
1996.A.SN.96.DDJ360	1996.0	0.2145612681425289	-0.009734599509619135
2001.A.SN.01.DDI579	2001.0	0.22234026814252894	-0.014962522104626452
1993.H.BE.93.VI991	1993.0	0.13317373185747108	-0.08331798223767325
1990.H.CF.90.056	1990.0	0.1767017318574711	-0.031985828680668654
1993.H.BE.93.VI997	1993.0	0.18587873185747109	-0.030612982237673253
1995.U.NL.95.H10986	1995.0	0.1608857318574711	-0.060808751275676004
1994.J.SE.94.SE7022	1994.0	0.22798473185747106	0.008891633243325786
1993.J.SE.93.SE7887	1993.0	0.22650673185747108	0.010015017762326744
